0 0 0
0 27 30
1 34 42
2 49 65
3 66 105
4 84 126
5 104 108
6 126 85
7 155 79
8 175 67
9 198 71
10 246 80
11 314 88
12 357 106
13 402 122
14 460 150
15 473 190
16 462 210
17 466 254
18 507 298
19 485 315
20 473 298
21 466 303
22 434 356
23 413 368
24 325 369
25 255 446
26 187 437
27 136 442
28 133 397
29 127 317
30 111 210
31 110 162
32 128 102
33 150 71
34 196 69
35 214 57
36 234 49
37 265 59
38 286 59
39 313 68
40 328 83
41 332 103
42 346 124
43 368 152
44 375 154
45 386 136
46 396 107
47 448 83
48 459 47
49 474 29
50 510 21
51 554 16
52 553 14
53 586 15
54 577 18
55 482 15
56 414 16
57 396 16
58 364 20
59 333 9
60 308 6
61 330 7
62 331 7
63 319 10
64 341 12
65 350 13
66 360 15
67 396 23
68 408 26
69 438 33
70 419 44
71 417 49
72 358 63
73 340 57
74 354 50
75 357 46
76 356 25
77 261 23
78 255 28
79 223 27
80 218 26
81 193 26
82 199 24
83 195 22
84 203 22
85 211 22
86 228 13
87 243 12
88 264 11
89 283 14
90 327 23
91 369 18
92 400 21
93 384 18
94 383 21
95 385 25
96 420 17
97 425 22
98 393 29
99 417 36
100 415 43
101 382 40
102 346 44
103 358 30
104 310 29
105 276 27
106 306 17
107 288 19
108 307 15
109 332 20
110 328 18
111 329 27
112 299 17
113 295 12
114 278 9
115 265 7
116 276 8
117 292 9
118 286 5
119 304 4
120 340 2
121 323 3
122 369 4
123 386 7
124 406 4
125 378 7
126 355 10
127 349 12
128 387 16
129 410 9
130 409 8
131 371 4
132 345 1
133 333 1
134 339 1
135 332 0
